 1     0
 1     3
 3     0
 1     0
 1     1
 3     1
 1     0
 1     1
 3     2
10     0
 7     0
 2     1
 1     1
 6     4
 4    17
 5    34
 7     0
 2     0
 1     0
 6     3
 4    23
 5    29
 7     0
 2     0
 1     1
 6     2
 3     0
 5    32
 7     0
 1     0
 3     1
 7     0
 5    11
 7     0
10     1
10     0
 7     0
 2     2
 1     1
 6     4
 4    43
 5    60
 7     0
 2     0
 1     0
 6     3
 4    49
 5    55
 7     0
 2     0
 1     1
 6     2
 3     0
 5    58
 7     0
 1     0
 3     2
 7     0
 5    37
 7     0
10     1
